 IOP Conf. Series 107(1990)193                                                   
 Fig 8                                                                           
 Q, i(Q), E(Q)                                                                   
  0.400000E-01 -0.404879E+00  0.000000E+00
  0.800000E-01 -0.405034E+00  0.000000E+00
  0.120000E+00 -0.404517E+00  0.000000E+00
  0.160000E+00 -0.404734E+00  0.000000E+00
  0.200000E+00 -0.405230E+00  0.000000E+00
  0.240000E+00 -0.405549E+00  0.000000E+00
  0.280000E+00 -0.405327E+00  0.757398E-03
  0.320000E+00 -0.404379E+00  0.921227E-03
  0.360000E+00 -0.402540E+00  0.102957E-02
  0.400000E+00 -0.399657E+00  0.120653E-02
  0.440000E+00 -0.395851E+00  0.135800E-02
  0.480000E+00 -0.391518E+00  0.141865E-02
  0.520000E+00 -0.387066E+00  0.676990E-03
  0.560000E+00 -0.382846E+00  0.701654E-03
  0.600000E+00 -0.378699E+00  0.755646E-03
  0.640000E+00 -0.374202E+00  0.792214E-03
  0.680000E+00 -0.368932E+00  0.869164E-03
  0.720000E+00 -0.362595E+00  0.930153E-03
  0.760000E+00 -0.355431E+00  0.980540E-03
  0.800000E+00 -0.347815E+00  0.106529E-02
  0.840000E+00 -0.340118E+00  0.111679E-02
  0.880000E+00 -0.332310E+00  0.116949E-02
  0.920000E+00 -0.323551E+00  0.120690E-02
  0.960000E+00 -0.312904E+00  0.130178E-02
  0.100000E+01 -0.299441E+00  0.133342E-02
  0.104000E+01 -0.282494E+00  0.536866E-03
  0.108000E+01 -0.261662E+00  0.552841E-03
  0.112000E+01 -0.236562E+00  0.571229E-03
  0.116000E+01 -0.206792E+00  0.603791E-03
  0.120000E+01 -0.171805E+00  0.640184E-03
  0.124000E+01 -0.130975E+00  0.686019E-03
  0.128000E+01 -0.836719E-01  0.731497E-03
  0.132000E+01 -0.302646E-01  0.788286E-03
  0.136000E+01  0.242595E-01  0.878964E-03
  0.140000E+01  0.735787E-01  0.941473E-03
  0.144000E+01  0.111379E+00  0.100823E-02
  0.148000E+01  0.133459E+00  0.105916E-02
  0.152000E+01  0.140597E+00  0.110881E-02
  0.156000E+01  0.134284E+00  0.113822E-02
  0.160000E+01  0.116041E+00  0.116158E-02
  0.164000E+01  0.885173E-01  0.117985E-02
  0.168000E+01  0.558023E-01  0.118969E-02
  0.172000E+01  0.220808E-01  0.609623E-03
  0.176000E+01 -0.865757E-02  0.596685E-03
  0.180000E+01 -0.350833E-01  0.580655E-03
  0.184000E+01 -0.577895E-01  0.573850E-03
  0.188000E+01 -0.774116E-01  0.561306E-03
  0.192000E+01 -0.945162E-01  0.555792E-03
  0.196000E+01 -0.109213E+00  0.550168E-03
  0.200000E+01 -0.121426E+00  0.546443E-03
  0.204000E+01 -0.131081E+00  0.544480E-03
  0.208000E+01 -0.138191E+00  0.544288E-03
  0.212000E+01 -0.143084E+00  0.545248E-03
  0.216000E+01 -0.146161E+00  0.549414E-03
  0.220000E+01 -0.147818E+00  0.549922E-03
  0.224000E+01 -0.148337E+00  0.563504E-03
  0.228000E+01 -0.147765E+00  0.565767E-03
  0.232000E+01 -0.146121E+00  0.572749E-03
  0.236000E+01 -0.143431E+00  0.575442E-03
  0.240000E+01 -0.139834E+00  0.584035E-03
  0.244000E+01 -0.135613E+00  0.593885E-03
  0.248000E+01 -0.131058E+00  0.601870E-03
  0.252000E+01 -0.126479E+00  0.610602E-03
  0.256000E+01 -0.122444E+00  0.617780E-03
  0.260000E+01 -0.119715E+00  0.622226E-03
  0.264000E+01 -0.119060E+00  0.628978E-03
  0.268000E+01 -0.121105E+00  0.631158E-03
  0.272000E+01 -0.125389E+00  0.637572E-03
  0.276000E+01 -0.130935E+00  0.637331E-03
  0.280000E+01 -0.136768E+00  0.639181E-03
  0.284000E+01 -0.142049E+00  0.639606E-03
  0.288000E+01 -0.146607E+00  0.643315E-03
  0.292000E+01 -0.150460E+00  0.645244E-03
  0.296000E+01 -0.153631E+00  0.647315E-03
  0.300000E+01 -0.156126E+00  0.552185E-03
  0.304000E+01 -0.157906E+00  0.552687E-03
  0.308000E+01 -0.158926E+00  0.559532E-03
  0.312000E+01 -0.159140E+00  0.558711E-03
  0.316000E+01 -0.158539E+00  0.563650E-03
  0.320000E+01 -0.157186E+00  0.566469E-03
  0.324000E+01 -0.155154E+00  0.570000E-03
  0.328000E+01 -0.152515E+00  0.575058E-03
  0.332000E+01 -0.149299E+00  0.578868E-03
  0.336000E+01 -0.145480E+00  0.586442E-03
  0.340000E+01 -0.141025E+00  0.592995E-03
  0.344000E+01 -0.135905E+00  0.598164E-03
  0.348000E+01 -0.130093E+00  0.604336E-03
  0.352000E+01 -0.123574E+00  0.615166E-03
  0.356000E+01 -0.116328E+00  0.624453E-03
  0.360000E+01 -0.108341E+00  0.632726E-03
  0.364000E+01 -0.996037E-01  0.641793E-03
  0.368000E+01 -0.901165E-01  0.653887E-03
  0.372000E+01 -0.798793E-01  0.662923E-03
  0.376000E+01 -0.688861E-01  0.674300E-03
  0.380000E+01 -0.570635E-01  0.691550E-03
  0.384000E+01 -0.442961E-01  0.705113E-03
  0.388000E+01 -0.304680E-01  0.716814E-03
  0.392000E+01 -0.154772E-01  0.731643E-03
  0.396000E+01  0.657464E-03  0.748460E-03
  0.400000E+01  0.178558E-01  0.766915E-03
  0.404000E+01  0.360369E-01  0.779283E-03
  0.408000E+01  0.550720E-01  0.798727E-03
  0.412000E+01  0.744939E-01  0.818311E-03
  0.416000E+01  0.936901E-01  0.835552E-03
  0.420000E+01  0.112047E+00  0.851795E-03
  0.424000E+01  0.129008E+00  0.870049E-03
  0.428000E+01  0.144351E+00  0.888882E-03
  0.432000E+01  0.157987E+00  0.901017E-03
  0.436000E+01  0.169821E+00  0.917328E-03
  0.440000E+01  0.179782E+00  0.932661E-03
  0.444000E+01  0.187897E+00  0.943766E-03
  0.448000E+01  0.194228E+00  0.954900E-03
  0.452000E+01  0.198839E+00  0.964823E-03
  0.456000E+01  0.201824E+00  0.976163E-03
  0.460000E+01  0.203455E+00  0.983219E-03
  0.464000E+01  0.204058E+00  0.989556E-03
  0.468000E+01  0.203961E+00  0.993893E-03
  0.472000E+01  0.203407E+00  0.100057E-02
  0.476000E+01  0.202157E+00  0.100460E-02
  0.480000E+01  0.199811E+00  0.101393E-02
  0.484000E+01  0.195968E+00  0.101690E-02
  0.488000E+01  0.190215E+00  0.102027E-02
  0.492000E+01  0.182067E+00  0.102038E-02
  0.496000E+01  0.171013E+00  0.102023E-02
  0.500000E+01  0.156542E+00  0.101663E-02
  0.504000E+01  0.138276E+00  0.100689E-02
  0.508000E+01  0.116729E+00  0.996989E-03
  0.512000E+01  0.927905E-01  0.984173E-03
  0.516000E+01  0.673492E-01  0.967172E-03
  0.520000E+01  0.412948E-01  0.953970E-03
  0.524000E+01  0.155205E-01  0.935435E-03
  0.528000E+01 -0.907855E-02  0.924179E-03
  0.532000E+01 -0.316073E-01  0.908575E-03
  0.536000E+01 -0.512297E-01  0.903703E-03
  0.540000E+01 -0.677649E-01  0.889975E-03
  0.544000E+01 -0.814404E-01  0.890482E-03
  0.548000E+01 -0.924897E-01  0.886989E-03
  0.552000E+01 -0.101149E+00  0.887485E-03
  0.556000E+01 -0.107705E+00  0.881935E-03
  0.560000E+01 -0.112481E+00  0.885110E-03
  0.564000E+01 -0.115805E+00  0.887731E-03
  0.568000E+01 -0.117998E+00  0.895162E-03
  0.572000E+01 -0.119265E+00  0.901410E-03
  0.576000E+01 -0.119674E+00  0.904741E-03
  0.580000E+01 -0.119285E+00  0.913482E-03
  0.584000E+01 -0.118159E+00  0.924086E-03
  0.588000E+01 -0.116438E+00  0.929497E-03
  0.592000E+01 -0.114404E+00  0.934298E-03
  0.596000E+01 -0.112354E+00  0.939244E-03
  0.600000E+01 -0.110582E+00  0.950405E-03
  0.604000E+01 -0.109274E+00  0.960372E-03
  0.608000E+01 -0.108305E+00  0.964352E-03
  0.612000E+01 -0.107498E+00  0.971118E-03
  0.616000E+01 -0.106677E+00  0.983462E-03
  0.620000E+01 -0.105696E+00  0.990979E-03
  0.624000E+01 -0.104568E+00  0.999165E-03
  0.628000E+01 -0.103356E+00  0.995502E-03
  0.632000E+01 -0.102126E+00  0.100448E-02
  0.636000E+01 -0.100928E+00  0.102080E-02
  0.640000E+01 -0.996879E-01  0.102214E-02
  0.644000E+01 -0.982584E-01  0.101972E-02
  0.648000E+01 -0.964896E-01  0.103831E-02
  0.652000E+01 -0.942339E-01  0.104669E-02
  0.656000E+01 -0.914040E-01  0.105086E-02
  0.660000E+01 -0.879815E-01  0.106186E-02
  0.664000E+01 -0.839520E-01  0.107495E-02
  0.668000E+01 -0.793008E-01  0.107784E-02
  0.672000E+01 -0.740108E-01  0.109751E-02
  0.675999E+01 -0.680575E-01  0.110030E-02
  0.679999E+01 -0.614157E-01  0.111493E-02
  0.683999E+01 -0.540601E-01  0.113179E-02
  0.687999E+01 -0.459825E-01  0.113859E-02
  0.691999E+01 -0.372801E-01  0.116351E-02
  0.695999E+01 -0.280895E-01  0.117512E-02
  0.699999E+01 -0.185475E-01  0.118414E-02
  0.703999E+01 -0.879245E-02  0.120917E-02
  0.707999E+01  0.100991E-02  0.121443E-02
  0.711999E+01  0.106677E-01  0.123423E-02
  0.715999E+01  0.199880E-01  0.125359E-02
  0.719999E+01  0.287780E-01  0.127092E-02
  0.723999E+01  0.368731E-01  0.128458E-02
  0.727999E+01  0.441792E-01  0.129106E-02
  0.731999E+01  0.506132E-01  0.130716E-02
  0.735999E+01  0.560919E-01  0.131507E-02
  0.739999E+01  0.605345E-01  0.133744E-02
  0.743999E+01  0.638825E-01  0.133718E-02
  0.747999E+01  0.660879E-01  0.134627E-02
  0.751999E+01  0.671028E-01  0.135116E-02
  0.755999E+01  0.668815E-01  0.135843E-02
  0.759999E+01  0.654944E-01  0.136000E-02
  0.763999E+01  0.631928E-01  0.136758E-02
  0.767999E+01  0.602433E-01  0.136122E-02
  0.771999E+01  0.569126E-01  0.135988E-02
  0.775999E+01  0.534538E-01  0.137112E-02
  0.779999E+01  0.500402E-01  0.137557E-02
  0.783999E+01  0.468159E-01  0.136385E-02
  0.787999E+01  0.439249E-01  0.137485E-02
  0.791999E+01  0.415094E-01  0.136915E-02
  0.795999E+01  0.396249E-01  0.137515E-02
  0.799999E+01  0.382068E-01  0.138232E-02
  0.803999E+01  0.371820E-01  0.138554E-02
  0.807999E+01  0.364771E-01  0.137910E-02
  0.811999E+01  0.360300E-01  0.138224E-02
  0.815999E+01  0.358495E-01  0.139718E-02
  0.819999E+01  0.359730E-01  0.139496E-02
  0.823999E+01  0.364375E-01  0.140022E-02
  0.827999E+01  0.372795E-01  0.141129E-02
  0.831999E+01  0.384518E-01  0.140876E-02
  0.835999E+01  0.397568E-01  0.142254E-02
  0.839999E+01  0.409809E-01  0.142240E-02
  0.843999E+01  0.419106E-01  0.142643E-02
  0.847999E+01  0.423488E-01  0.144036E-02
  0.851999E+01  0.422833E-01  0.144271E-02
  0.855999E+01  0.418195E-01  0.144485E-02
  0.859999E+01  0.410648E-01  0.144338E-02
  0.863999E+01  0.401264E-01  0.146012E-02
  0.867999E+01  0.390620E-01  0.144970E-02
  0.871999E+01  0.377478E-01  0.145042E-02
  0.875999E+01  0.360182E-01  0.145532E-02
  0.879999E+01  0.337075E-01  0.146667E-02
  0.883999E+01  0.306528E-01  0.146060E-02
  0.887999E+01  0.268277E-01  0.146724E-02
  0.891999E+01  0.224107E-01  0.145986E-02
  0.895999E+01  0.175969E-01  0.145331E-02
  0.899999E+01  0.125816E-01  0.145146E-02
  0.903999E+01  0.755053E-02  0.145170E-02
  0.907999E+01  0.256034E-02  0.144947E-02
  0.911999E+01 -0.242615E-02  0.145351E-02
  0.915999E+01 -0.744822E-02  0.144785E-02
  0.919999E+01 -0.125451E-01  0.143343E-02
  0.923999E+01 -0.177435E-01  0.143950E-02
  0.927999E+01 -0.229920E-01  0.144281E-02
  0.931999E+01 -0.282096E-01  0.143947E-02
  0.935999E+01 -0.333151E-01  0.143144E-02
  0.939999E+01 -0.382274E-01  0.142528E-02
  0.943999E+01 -0.428639E-01  0.142578E-02
  0.947999E+01 -0.471371E-01  0.142532E-02
  0.951999E+01 -0.509588E-01  0.142390E-02
  0.955999E+01 -0.542405E-01  0.143544E-02
  0.959999E+01 -0.568940E-01  0.142521E-02
  0.963999E+01 -0.588873E-01  0.142425E-02
  0.967999E+01 -0.603167E-01  0.143204E-02
  0.971999E+01 -0.612958E-01  0.143337E-02
  0.975999E+01 -0.619385E-01  0.142929E-02
  0.979999E+01 -0.623577E-01  0.144267E-02
  0.983999E+01 -0.625943E-01  0.144972E-02
  0.987999E+01 -0.625642E-01  0.144192E-02
  0.991999E+01 -0.621713E-01  0.145317E-02
  0.995999E+01 -0.613194E-01  0.146185E-02
  0.999999E+01 -0.599145E-01  0.146122E-02
  0.100400E+02 -0.579823E-01  0.146390E-02
  0.100800E+02 -0.557279E-01  0.146622E-02
  0.101200E+02 -0.533717E-01  0.147933E-02
  0.101600E+02 -0.511336E-01  0.149158E-02
  0.102000E+02 -0.492311E-01  0.149992E-02
  0.102400E+02 -0.477334E-01  0.149682E-02
  0.102800E+02 -0.464896E-01  0.150036E-02
  0.103200E+02 -0.453309E-01  0.150474E-02
  0.103600E+02 -0.440886E-01  0.150867E-02
  0.104000E+02 -0.425949E-01  0.152277E-02
  0.104400E+02 -0.407705E-01  0.153300E-02
  0.104800E+02 -0.386850E-01  0.153876E-02
  0.105200E+02 -0.364223E-01  0.153970E-02
  0.105600E+02 -0.340663E-01  0.154519E-02
  0.106000E+02 -0.317008E-01  0.155117E-02
  0.106400E+02 -0.293702E-01  0.157131E-02
  0.106800E+02 -0.270324E-01  0.158203E-02
  0.107200E+02 -0.246336E-01  0.158153E-02
  0.107600E+02 -0.221200E-01  0.157940E-02
  0.108000E+02 -0.194379E-01  0.160380E-02
  0.108400E+02 -0.165404E-01  0.160493E-02
  0.108800E+02 -0.134043E-01  0.161824E-02
  0.109200E+02 -0.100113E-01  0.161512E-02
  0.109600E+02 -0.634334E-02  0.163117E-02
  0.110000E+02 -0.238219E-02  0.163591E-02
  0.110400E+02  0.188349E-02  0.165664E-02
  0.110800E+02  0.642100E-02  0.165161E-02
  0.111200E+02  0.111802E-01  0.166419E-02
  0.111600E+02  0.161109E-01  0.168855E-02
  0.112000E+02  0.211629E-01  0.169704E-02
  0.112400E+02  0.262856E-01  0.170569E-02
  0.112800E+02  0.314212E-01  0.171380E-02
  0.113200E+02  0.365061E-01  0.171095E-02
  0.113600E+02  0.414765E-01  0.173253E-02
  0.114000E+02  0.462685E-01  0.175199E-02
  0.114400E+02  0.508183E-01  0.176624E-02
  0.114800E+02  0.550335E-01  0.176747E-02
  0.115200E+02  0.587681E-01  0.176788E-02
  0.115600E+02  0.618700E-01  0.177986E-02
  0.116000E+02  0.641871E-01  0.179948E-02
  0.116400E+02  0.655673E-01  0.180256E-02
  0.116800E+02  0.658989E-01  0.180246E-02
  0.117200E+02  0.653066E-01  0.180165E-02
  0.117600E+02  0.640012E-01  0.181490E-02
  0.118000E+02  0.621936E-01  0.181686E-02
  0.118400E+02  0.600948E-01  0.181423E-02
  0.118800E+02  0.579113E-01  0.181273E-02
  0.119200E+02  0.557035E-01  0.182113E-02
  0.119600E+02  0.533556E-01  0.181835E-02
  0.120000E+02  0.507414E-01  0.180378E-02
  0.120400E+02  0.477344E-01  0.180292E-02
  0.120800E+02  0.442085E-01  0.181254E-02
  0.121200E+02  0.400771E-01  0.180657E-02
  0.121600E+02  0.354570E-01  0.178967E-02
  0.122000E+02  0.305297E-01  0.179693E-02
  0.122400E+02  0.254766E-01  0.179456E-02
  0.122800E+02  0.204792E-01  0.180763E-02
  0.123200E+02  0.157175E-01  0.179585E-02
  0.123600E+02  0.112890E-01  0.178716E-02
  0.124000E+02  0.716709E-02  0.178997E-02
  0.124400E+02  0.331468E-02  0.179230E-02
  0.124800E+02 -0.305135E-03  0.177186E-02
  0.125200E+02 -0.372933E-02  0.177251E-02
  0.125600E+02 -0.699469E-02  0.176471E-02
  0.126000E+02 -0.101361E-01  0.177670E-02
  0.126400E+02 -0.131876E-01  0.177845E-02
  0.126800E+02 -0.161828E-01  0.177864E-02
  0.127200E+02 -0.191558E-01  0.176949E-02
  0.127600E+02 -0.221402E-01  0.177747E-02
  0.128000E+02 -0.251515E-01  0.177009E-02
  0.128400E+02 -0.281276E-01  0.178013E-02
  0.128800E+02 -0.309868E-01  0.177371E-02
  0.129200E+02 -0.336472E-01  0.175511E-02
  0.129600E+02 -0.360268E-01  0.176526E-02
  0.130000E+02 -0.380442E-01  0.176796E-02
  0.130400E+02 -0.396583E-01  0.176390E-02
  0.130800E+02 -0.409191E-01  0.175528E-02
  0.131200E+02 -0.418882E-01  0.176341E-02
  0.131600E+02 -0.426277E-01  0.177635E-02
  0.132000E+02 -0.431993E-01  0.177732E-02
  0.132400E+02 -0.436642E-01  0.179281E-02
  0.132800E+02 -0.440468E-01  0.178958E-02
  0.133200E+02 -0.443150E-01  0.178601E-02
  0.133600E+02 -0.444325E-01  0.179529E-02
  0.134000E+02 -0.443629E-01  0.179966E-02
  0.134400E+02 -0.440695E-01  0.180602E-02
  0.134800E+02 -0.435167E-01  0.182127E-02
  0.135200E+02 -0.426913E-01  0.181565E-02
  0.135600E+02 -0.416098E-01  0.181104E-02
  0.136000E+02 -0.402904E-01  0.182782E-02
  0.136400E+02 -0.387513E-01  0.184584E-02
  0.136800E+02 -0.370106E-01  0.183059E-02
  0.137200E+02 -0.350867E-01  0.184799E-02
  0.137600E+02 -0.329972E-01  0.184789E-02
  0.138000E+02 -0.307588E-01  0.188298E-02
  0.138400E+02 -0.283883E-01  0.187480E-02
  0.138800E+02 -0.259025E-01  0.188077E-02
  0.139200E+02 -0.233181E-01  0.187449E-02
  0.139600E+02 -0.206521E-01  0.189535E-02
  0.140000E+02 -0.179350E-01  0.191263E-02
  0.140400E+02 -0.152211E-01  0.192581E-02
  0.140800E+02 -0.125671E-01  0.191352E-02
  0.141200E+02 -0.100295E-01  0.192980E-02
  0.141600E+02 -0.766493E-02  0.192565E-02
  0.142000E+02 -0.553000E-02  0.192213E-02
  0.142400E+02 -0.365561E-02  0.195552E-02
  0.142800E+02 -0.199858E-02  0.196763E-02
  0.143200E+02 -0.502520E-03  0.198645E-02
  0.143600E+02  0.888990E-03  0.198814E-02
  0.144000E+02  0.223236E-02  0.199660E-02
  0.144400E+02  0.358399E-02  0.200021E-02
  0.144800E+02  0.498897E-02  0.198967E-02
  0.145200E+02  0.641899E-02  0.202664E-02
  0.145600E+02  0.781648E-02  0.203602E-02
  0.146000E+02  0.912382E-02  0.203146E-02
  0.146400E+02  0.102834E-01  0.205755E-02
  0.146800E+02  0.112375E-01  0.203681E-02
  0.147200E+02  0.119313E-01  0.202196E-02
  0.147600E+02  0.123802E-01  0.203694E-02
  0.148000E+02  0.126728E-01  0.204905E-02
  0.148400E+02  0.129012E-01  0.205508E-02
  0.148800E+02  0.131575E-01  0.206896E-02
  0.149200E+02  0.135338E-01  0.205966E-02
  0.149600E+02  0.141221E-01  0.207362E-02
  0.150000E+02  0.149836E-01  0.207704E-02
  0.150400E+02  0.160664E-01  0.208386E-02
  0.150800E+02  0.172929E-01  0.211256E-02
  0.151200E+02  0.185855E-01  0.209915E-02
  0.151600E+02  0.198666E-01  0.209654E-02
  0.152000E+02  0.210587E-01  0.211178E-02
  0.152400E+02  0.220864E-01  0.212066E-02
  0.152800E+02  0.229300E-01  0.212063E-02
  0.153200E+02  0.236275E-01  0.212080E-02
  0.153600E+02  0.242198E-01  0.214554E-02
  0.154000E+02  0.247476E-01  0.215878E-02
  0.154400E+02  0.252517E-01  0.217464E-02
  0.154800E+02  0.257730E-01  0.217752E-02
  0.155200E+02  0.263410E-01  0.215102E-02
  0.155600E+02  0.269108E-01  0.217180E-02
  0.156000E+02  0.274082E-01  0.218398E-02
  0.156400E+02  0.277586E-01  0.219133E-02
  0.156800E+02  0.278875E-01  0.218946E-02
  0.157200E+02  0.277204E-01  0.218236E-02
  0.157600E+02  0.271827E-01  0.221127E-02
  0.158000E+02  0.262330E-01  0.221350E-02
  0.158400E+02  0.249310E-01  0.218901E-02
  0.158800E+02  0.233555E-01  0.220955E-02
  0.159200E+02  0.215852E-01  0.222645E-02
  0.159600E+02  0.196990E-01  0.220128E-02
  0.160000E+02  0.177757E-01  0.221106E-02
  0.160400E+02  0.158938E-01  0.220971E-02
  0.160800E+02  0.140921E-01  0.223284E-02
  0.161200E+02  0.123300E-01  0.221302E-02
  0.161600E+02  0.105570E-01  0.221601E-02
  0.162000E+02  0.872279E-02  0.221340E-02
  0.162400E+02  0.677703E-02  0.114241E-02
  0.162800E+02  0.466935E-02  0.114026E-02
  0.163200E+02  0.234985E-02  0.113656E-02
  0.163600E+02 -0.190151E-03  0.113482E-02
  0.164000E+02 -0.288455E-02  0.113009E-02
  0.164400E+02 -0.565937E-02  0.113773E-02
  0.164800E+02 -0.844064E-02  0.113506E-02
  0.165200E+02 -0.111544E-01  0.112964E-02
  0.165600E+02 -0.137266E-01  0.112849E-02
  0.166000E+02 -0.160834E-01  0.112592E-02
  0.166400E+02 -0.181799E-01  0.112009E-02
  0.166800E+02 -0.200352E-01  0.112355E-02
  0.167200E+02 -0.216771E-01  0.112521E-02
  0.167600E+02 -0.231334E-01  0.112520E-02
  0.168000E+02 -0.244321E-01  0.112216E-02
  0.168400E+02 -0.256009E-01  0.112377E-02
  0.168800E+02 -0.266676E-01  0.112270E-02
  0.169200E+02 -0.276507E-01  0.112588E-02
  0.169600E+02 -0.285317E-01  0.112618E-02
  0.170000E+02 -0.292833E-01  0.112969E-02
  0.170400E+02 -0.298782E-01  0.113181E-02
  0.170800E+02 -0.302891E-01  0.113151E-02
  0.171200E+02 -0.304886E-01  0.113069E-02
  0.171600E+02 -0.304495E-01  0.113145E-02
  0.172000E+02 -0.301477E-01  0.113328E-02
  0.172400E+02 -0.295932E-01  0.113570E-02
  0.172800E+02 -0.288159E-01  0.113582E-02
  0.173200E+02 -0.278463E-01  0.114061E-02
  0.173600E+02 -0.267147E-01  0.114092E-02
  0.174000E+02 -0.254513E-01  0.114149E-02
  0.174400E+02 -0.240866E-01  0.114597E-02
  0.174800E+02 -0.226507E-01  0.114698E-02
  0.175200E+02 -0.211584E-01  0.115494E-02
  0.175600E+02 -0.195951E-01  0.115874E-02
  0.176000E+02 -0.179433E-01  0.115821E-02
  0.176400E+02 -0.161852E-01  0.116589E-02
  0.176800E+02 -0.143034E-01  0.117144E-02
  0.177200E+02 -0.122801E-01  0.117341E-02
  0.177600E+02 -0.100977E-01  0.117434E-02
  0.178000E+02 -0.774246E-02  0.118081E-02
  0.178400E+02 -0.524013E-02  0.118453E-02
  0.178800E+02 -0.264011E-02  0.118920E-02
  0.179200E+02  0.792821E-05  0.119476E-02
  0.179600E+02  0.265431E-02  0.120175E-02
  0.180000E+02  0.524935E-02  0.120390E-02
  0.180400E+02  0.774339E-02  0.121211E-02
  0.180800E+02  0.100867E-01  0.121655E-02
  0.181200E+02  0.122404E-01  0.121962E-02
  0.181600E+02  0.142083E-01  0.122316E-02
  0.182000E+02  0.160050E-01  0.122603E-02
  0.182400E+02  0.176451E-01  0.123120E-02
  0.182800E+02  0.191431E-01  0.123613E-02
  0.183200E+02  0.205136E-01  0.123826E-02
  0.183600E+02  0.217712E-01  0.124495E-02
  0.184000E+02  0.229305E-01  0.125175E-02
  0.184400E+02  0.239986E-01  0.125109E-02
  0.184800E+02  0.249645E-01  0.125461E-02
  0.185200E+02  0.258146E-01  0.125774E-02
  0.185600E+02  0.265349E-01  0.125891E-02
  0.186000E+02  0.271119E-01  0.126029E-02
  0.186400E+02  0.275316E-01  0.126633E-02
  0.186800E+02  0.277805E-01  0.127081E-02
  0.187200E+02  0.278446E-01  0.127066E-02
  0.187600E+02  0.277194E-01  0.127065E-02
  0.188001E+02  0.274209E-01  0.126874E-02
  0.188401E+02  0.269682E-01  0.127442E-02
  0.188801E+02  0.263804E-01  0.127098E-02
  0.189201E+02  0.256765E-01  0.127107E-02
  0.189601E+02  0.248756E-01  0.127236E-02
  0.190001E+02  0.239968E-01  0.127630E-02
  0.190401E+02  0.230591E-01  0.127718E-02
  0.190801E+02  0.220791E-01  0.127313E-02
  0.191201E+02  0.210647E-01  0.127159E-02
  0.191601E+02  0.200219E-01  0.127611E-02
  0.192001E+02  0.189568E-01  0.127757E-02
  0.192401E+02  0.178754E-01  0.127950E-02
  0.192801E+02  0.167838E-01  0.128016E-02
  0.193201E+02  0.156882E-01  0.128120E-02
  0.193601E+02  0.145945E-01  0.128030E-02
  0.194001E+02  0.135086E-01  0.128360E-02
  0.194401E+02  0.124344E-01  0.128304E-02
  0.194801E+02  0.113747E-01  0.127977E-02
  0.195201E+02  0.103324E-01  0.127793E-02
  0.195601E+02  0.931052E-02  0.127910E-02
  0.196001E+02  0.831185E-02  0.128180E-02
  0.196401E+02  0.733932E-02  0.128099E-02
  0.196801E+02  0.639583E-02  0.128061E-02
  0.197201E+02  0.548417E-02  0.128176E-02
  0.197601E+02  0.460021E-02  0.128138E-02
  0.198001E+02  0.372931E-02  0.128825E-02
  0.198401E+02  0.285593E-02  0.129141E-02
  0.198801E+02  0.196453E-02  0.129294E-02
  0.199201E+02  0.103958E-02  0.128863E-02
  0.199601E+02  0.655343E-04  0.128840E-02
  0.200001E+02 -0.973136E-03  0.128771E-02
  0.200401E+02 -0.209197E-02  0.128935E-02
  0.200801E+02 -0.330364E-02  0.128727E-02
  0.201201E+02 -0.459455E-02  0.128625E-02
  0.201601E+02 -0.593700E-02  0.128824E-02
  0.202001E+02 -0.730318E-02  0.129387E-02
  0.202401E+02 -0.866525E-02  0.129240E-02
  0.202801E+02 -0.999538E-02  0.129438E-02
  0.203201E+02 -0.112657E-01  0.130364E-02
  0.203601E+02 -0.124485E-01  0.128884E-02
  0.204001E+02 -0.135159E-01  0.129952E-02
  0.204401E+02 -0.144452E-01  0.129696E-02
  0.204801E+02 -0.152373E-01  0.129205E-02
  0.205201E+02 -0.158995E-01  0.129563E-02
  0.205601E+02 -0.164393E-01  0.129874E-02
  0.206001E+02 -0.168642E-01  0.130403E-02
  0.206401E+02 -0.171815E-01  0.130197E-02
  0.206801E+02 -0.173986E-01  0.130091E-02
  0.207201E+02 -0.175230E-01  0.130946E-02
  0.207601E+02 -0.175621E-01  0.131374E-02
  0.208001E+02 -0.175218E-01  0.131195E-02
  0.208401E+02 -0.174018E-01  0.131661E-02
  0.208801E+02 -0.172004E-01  0.131687E-02
  0.209201E+02 -0.169159E-01  0.131948E-02
  0.209601E+02 -0.165465E-01  0.132330E-02
  0.210001E+02 -0.160905E-01  0.132171E-02
  0.210401E+02 -0.155463E-01  0.131948E-02
  0.210801E+02 -0.149120E-01  0.132442E-02
  0.211201E+02 -0.141859E-01  0.133624E-02
  0.211601E+02 -0.133672E-01  0.133100E-02
  0.212001E+02 -0.124601E-01  0.134054E-02
  0.212401E+02 -0.114705E-01  0.134051E-02
  0.212801E+02 -0.104045E-01  0.134745E-02
  0.213201E+02 -0.926828E-02  0.135190E-02
  0.213601E+02 -0.806774E-02  0.135458E-02
  0.214001E+02 -0.680896E-02  0.135535E-02
  0.214401E+02 -0.549799E-02  0.136141E-02
  0.214801E+02 -0.414088E-02  0.136255E-02
  0.215201E+02 -0.274372E-02  0.137495E-02
  0.215601E+02 -0.131391E-02  0.138105E-02
  0.216001E+02  0.140032E-03  0.137810E-02
  0.216401E+02  0.160955E-02  0.138451E-02
  0.216801E+02  0.308607E-02  0.139163E-02
  0.217201E+02  0.456105E-02  0.139471E-02
  0.217601E+02  0.602591E-02  0.139802E-02
  0.218001E+02  0.747209E-02  0.140333E-02
  0.218401E+02  0.889104E-02  0.140708E-02
  0.218801E+02  0.102742E-01  0.141005E-02
  0.219201E+02  0.116132E-01  0.141551E-02
  0.219601E+02  0.129008E-01  0.142580E-02
  0.220001E+02  0.141298E-01  0.142738E-02
  0.220401E+02  0.152930E-01  0.142944E-02
  0.220801E+02  0.163834E-01  0.142959E-02
  0.221201E+02  0.173938E-01  0.143741E-02
  0.221601E+02  0.183171E-01  0.143279E-02
  0.222001E+02  0.191461E-01  0.144068E-02
  0.222401E+02  0.198738E-01  0.144299E-02
  0.222801E+02  0.204930E-01  0.145041E-02
  0.223201E+02  0.210002E-01  0.144953E-02
  0.223601E+02  0.213983E-01  0.144860E-02
  0.224001E+02  0.216906E-01  0.145252E-02
  0.224401E+02  0.218807E-01  0.145812E-02
  0.224801E+02  0.219720E-01  0.145890E-02
  0.225201E+02  0.219680E-01  0.145986E-02
  0.225601E+02  0.218723E-01  0.146068E-02
  0.226001E+02  0.216881E-01  0.146349E-02
  0.226401E+02  0.214191E-01  0.147126E-02
  0.226801E+02  0.210687E-01  0.147125E-02
  0.227201E+02  0.206392E-01  0.147053E-02
  0.227601E+02  0.201310E-01  0.146967E-02
  0.228001E+02  0.195446E-01  0.147244E-02
  0.228401E+02  0.188803E-01  0.147768E-02
  0.228801E+02  0.181383E-01  0.147490E-02
  0.229201E+02  0.173192E-01  0.147116E-02
  0.229601E+02  0.164231E-01  0.147524E-02
  0.230001E+02  0.154505E-01  0.147784E-02
  0.230401E+02  0.144018E-01  0.148104E-02
  0.230801E+02  0.132771E-01  0.147912E-02
  0.231201E+02  0.120802E-01  0.147484E-02
  0.231602E+02  0.108223E-01  0.147177E-02
  0.232002E+02  0.951602E-02  0.147332E-02
  0.232402E+02  0.817395E-02  0.147894E-02
  0.232802E+02  0.680866E-02  0.148086E-02
  0.233202E+02  0.543274E-02  0.148023E-02
  0.233602E+02  0.405876E-02  0.147778E-02
  0.234002E+02  0.269931E-02  0.148190E-02
  0.234402E+02  0.136697E-02  0.148326E-02
  0.234802E+02  0.743182E-04  0.148225E-02
  0.235202E+02 -0.116691E-02  0.147859E-02
  0.235602E+02 -0.235219E-02  0.147925E-02
  0.236002E+02 -0.348065E-02  0.148002E-02
  0.236402E+02 -0.455146E-02  0.148498E-02
  0.236802E+02 -0.556377E-02  0.148127E-02
  0.237202E+02 -0.651673E-02  0.148536E-02
  0.237602E+02 -0.740952E-02  0.148283E-02
  0.238002E+02 -0.824129E-02  0.147998E-02
  0.238402E+02 -0.901120E-02  0.148135E-02
  0.238802E+02 -0.971841E-02  0.148753E-02
  0.239202E+02 -0.103621E-01  0.148312E-02
  0.239602E+02 -0.109413E-01  0.148059E-02
  0.240002E+02 -0.114549E-01  0.148590E-02
  0.240402E+02 -0.119019E-01  0.148713E-02
  0.240802E+02 -0.122810E-01  0.148812E-02
  0.241202E+02 -0.125910E-01  0.149077E-02
  0.241602E+02 -0.128310E-01  0.149085E-02
  0.242002E+02 -0.129996E-01  0.148956E-02
  0.242402E+02 -0.130958E-01  0.148773E-02
  0.242802E+02 -0.131183E-01  0.149357E-02
  0.243202E+02 -0.130662E-01  0.149990E-02
  0.243602E+02 -0.129381E-01  0.149860E-02
  0.244002E+02 -0.127343E-01  0.150201E-02
  0.244402E+02 -0.124577E-01  0.150419E-02
  0.244802E+02 -0.121116E-01  0.150364E-02
  0.245202E+02 -0.116992E-01  0.150375E-02
  0.245602E+02 -0.112239E-01  0.150713E-02
  0.246002E+02 -0.106890E-01  0.151548E-02
  0.246402E+02 -0.100978E-01  0.151877E-02
  0.246802E+02 -0.945351E-02  0.152035E-02
  0.247202E+02 -0.875948E-02  0.151767E-02
  0.247602E+02 -0.801900E-02  0.152176E-02
  0.248002E+02 -0.723538E-02  0.152794E-02
  0.248402E+02 -0.641203E-02  0.153116E-02
  0.248802E+02 -0.555287E-02  0.152810E-02
  0.249202E+02 -0.466192E-02  0.153611E-02
  0.249602E+02 -0.374318E-02  0.154290E-02
  0.250002E+02 -0.280066E-02  0.154523E-02
  0.250402E+02 -0.183838E-02  0.154718E-02
  0.250802E+02 -0.860348E-03  0.155334E-02
  0.251202E+02  0.129426E-03  0.155748E-02
  0.251602E+02  0.112693E-02  0.156196E-02
  0.252002E+02  0.212815E-02  0.156336E-02
  0.252402E+02  0.312907E-02  0.155736E-02
  0.252802E+02  0.412563E-02  0.156282E-02
  0.253202E+02  0.511288E-02  0.156858E-02
  0.253602E+02  0.608521E-02  0.157865E-02
  0.254002E+02  0.703701E-02  0.158513E-02
  0.254402E+02  0.796266E-02  0.158253E-02
  0.254802E+02  0.885654E-02  0.159165E-02
  0.255202E+02  0.971304E-02  0.159428E-02
  0.255602E+02  0.105265E-01  0.159176E-02
  0.256002E+02  0.112914E-01  0.159099E-02
  0.256402E+02  0.120020E-01  0.159869E-02
  0.256802E+02  0.126528E-01  0.159932E-02
  0.257202E+02  0.132381E-01  0.159980E-02
  0.257602E+02  0.137533E-01  0.161112E-02
  0.258002E+02  0.141986E-01  0.161145E-02
  0.258402E+02  0.145764E-01  0.161360E-02
  0.258802E+02  0.148888E-01  0.161793E-02
  0.259202E+02  0.151380E-01  0.162089E-02
  0.259602E+02  0.153262E-01  0.162897E-02
  0.260002E+02  0.154555E-01  0.162471E-02
  0.260402E+02  0.155283E-01  0.162689E-02
  0.260802E+02  0.155466E-01  0.163303E-02
  0.261202E+02  0.155127E-01  0.164399E-02
  0.261602E+02  0.154287E-01  0.163188E-02
  0.262002E+02  0.152969E-01  0.163183E-02
  0.262402E+02  0.151191E-01  0.163692E-02
  0.262802E+02  0.148951E-01  0.163956E-02
  0.263202E+02  0.146238E-01  0.164821E-02
  0.263602E+02  0.143043E-01  0.164833E-02
  0.264002E+02  0.139356E-01  0.164707E-02
  0.264402E+02  0.135167E-01  0.164411E-02
  0.264802E+02  0.130465E-01  0.164979E-02
  0.265202E+02  0.125242E-01  0.164836E-02
  0.265602E+02  0.119486E-01  0.165042E-02
  0.266002E+02  0.113188E-01  0.165009E-02
  0.266402E+02  0.106339E-01  0.164490E-02
  0.266802E+02  0.989268E-02  0.164860E-02
  0.267202E+02  0.909455E-02  0.165178E-02
  0.267602E+02  0.824381E-02  0.165173E-02
  0.268002E+02  0.734949E-02  0.166079E-02
  0.268402E+02  0.642076E-02  0.165889E-02
  0.268802E+02  0.546682E-02  0.165629E-02
  0.269202E+02  0.449686E-02  0.165332E-02
  0.269602E+02  0.352007E-02  0.165540E-02
  0.270002E+02  0.254564E-02  0.166263E-02
  0.270402E+02  0.158277E-02  0.166351E-02
  0.270802E+02  0.640632E-03  0.165836E-02
  0.271202E+02 -0.271569E-03  0.165641E-02
  0.271602E+02 -0.114465E-02  0.165843E-02
  0.272002E+02 -0.196941E-02  0.165922E-02
  0.272402E+02 -0.273792E-02  0.165358E-02
  0.272802E+02 -0.344960E-02  0.166026E-02
  0.273202E+02 -0.410655E-02  0.166256E-02
  0.273602E+02 -0.471090E-02  0.166264E-02
  0.274002E+02 -0.526477E-02  0.166684E-02
  0.274402E+02 -0.577026E-02  0.166761E-02
  0.274802E+02 -0.622950E-02  0.167001E-02
  0.275203E+02 -0.664460E-02  0.167585E-02
  0.275603E+02 -0.701768E-02  0.167475E-02
  0.276003E+02 -0.735086E-02  0.167773E-02
  0.276403E+02 -0.764625E-02  0.168326E-02
  0.276803E+02 -0.790598E-02  0.168100E-02
  0.277203E+02 -0.813215E-02  0.167746E-02
  0.277603E+02 -0.832641E-02  0.167831E-02
  0.278003E+02 -0.848757E-02  0.168207E-02
  0.278403E+02 -0.861342E-02  0.168527E-02
  0.278803E+02 -0.870173E-02  0.168544E-02
  0.279203E+02 -0.875028E-02  0.169029E-02
  0.279603E+02 -0.875686E-02  0.169523E-02
  0.280003E+02 -0.871924E-02  0.173205E-02
  0.280403E+02 -0.863520E-02  0.173404E-02
  0.280803E+02 -0.850252E-02  0.174386E-02
  0.281203E+02 -0.831897E-02  0.174997E-02
  0.281603E+02 -0.808235E-02  0.175146E-02
  0.282003E+02 -0.779043E-02  0.175200E-02
  0.282403E+02 -0.744098E-02  0.175687E-02
  0.282803E+02 -0.703195E-02  0.176256E-02
  0.283203E+02 -0.656496E-02  0.176398E-02
  0.283603E+02 -0.604517E-02  0.176289E-02
  0.284003E+02 -0.547787E-02  0.177058E-02
  0.284403E+02 -0.486838E-02  0.177331E-02
  0.284803E+02 -0.422201E-02  0.177677E-02
  0.285203E+02 -0.354406E-02  0.177945E-02
  0.285603E+02 -0.283984E-02  0.178100E-02
  0.286003E+02 -0.211466E-02  0.178317E-02
  0.286403E+02 -0.137381E-02  0.178938E-02
  0.286803E+02 -0.622613E-03  0.180297E-02
  0.287203E+02  0.133629E-03  0.180507E-02
  0.287603E+02  0.889609E-03  0.180424E-02
  0.288003E+02  0.164002E-02  0.181226E-02
  0.288403E+02  0.237983E-02  0.181528E-02
  0.288803E+02  0.310612E-02  0.181815E-02
  0.289203E+02  0.381699E-02  0.182306E-02
  0.289603E+02  0.451056E-02  0.182484E-02
  0.290003E+02  0.518492E-02  0.182763E-02
  0.290403E+02  0.583818E-02  0.183175E-02
  0.290803E+02  0.646845E-02  0.183184E-02
  0.291203E+02  0.707383E-02  0.183374E-02
  0.291603E+02  0.765242E-02  0.184405E-02
  0.292003E+02  0.820235E-02  0.184345E-02
  0.292403E+02  0.872170E-02  0.184644E-02
  0.292803E+02  0.920858E-02  0.185875E-02
  0.293203E+02  0.966111E-02  0.185990E-02
  0.293603E+02  0.100774E-01  0.186345E-02
  0.294003E+02  0.104555E-01  0.187482E-02
  0.294403E+02  0.107939E-01  0.187565E-02
  0.294803E+02  0.110912E-01  0.187211E-02
  0.295203E+02  0.113457E-01  0.187180E-02
  0.295603E+02  0.115562E-01  0.187592E-02
  0.296003E+02  0.117212E-01  0.187614E-02
  0.296403E+02  0.118392E-01  0.187867E-02
  0.296803E+02  0.119089E-01  0.188756E-02
  0.297203E+02  0.119286E-01  0.188695E-02
  0.297603E+02  0.118971E-01  0.188426E-02
  0.298003E+02  0.118128E-01  0.189502E-02
  0.298403E+02  0.116744E-01  0.189777E-02
  0.298803E+02  0.114803E-01  0.190050E-02
  0.299203E+02  0.112292E-01  0.189974E-02
  0.299603E+02  0.109195E-01  0.190288E-02
  0.300003E+02  0.105515E-01  0.191101E-02
  0.300403E+02  0.101294E-01  0.190142E-02
  0.300803E+02  0.965861E-02  0.190354E-02
  0.301203E+02  0.914415E-02  0.190915E-02
  0.301603E+02  0.859126E-02  0.190866E-02
  0.302003E+02  0.800510E-02  0.190859E-02
  0.302403E+02  0.739085E-02  0.190911E-02
  0.302803E+02  0.675370E-02  0.190643E-02
  0.303203E+02  0.609882E-02  0.190930E-02
  0.303603E+02  0.543139E-02  0.191532E-02
  0.304003E+02  0.475660E-02  0.191101E-02
  0.304403E+02  0.407961E-02  0.190879E-02
  0.304803E+02  0.340561E-02  0.190580E-02
  0.305203E+02  0.273979E-02  0.190837E-02
  0.305603E+02  0.208730E-02  0.190886E-02
  0.306003E+02  0.145222E-02  0.191393E-02
  0.306403E+02  0.835799E-03  0.191755E-02
  0.306803E+02  0.238825E-03  0.191891E-02
  0.307203E+02 -0.337897E-03  0.191629E-02
  0.307603E+02 -0.893570E-03  0.192235E-02
  0.308003E+02 -0.142739E-02  0.192566E-02
  0.308403E+02 -0.193857E-02  0.192918E-02
  0.308803E+02 -0.242629E-02  0.192815E-02
  0.309203E+02 -0.288977E-02  0.192740E-02
  0.309603E+02 -0.332820E-02  0.192725E-02
  0.310003E+02 -0.374078E-02  0.192544E-02
  0.310403E+02 -0.412672E-02  0.191815E-02
  0.310803E+02 -0.448520E-02  0.192777E-02
  0.311203E+02 -0.481545E-02  0.193262E-02
  0.311603E+02 -0.511664E-02  0.194290E-02
  0.312003E+02 -0.538801E-02  0.193655E-02
  0.312403E+02 -0.562889E-02  0.193411E-02
  0.312803E+02 -0.583871E-02  0.193821E-02
  0.313203E+02 -0.601689E-02  0.193169E-02
  0.313603E+02 -0.616285E-02  0.192822E-02
  0.314003E+02 -0.627600E-02  0.194618E-02
  0.314403E+02 -0.635577E-02  0.194725E-02
  0.314803E+02 -0.640158E-02  0.195104E-02
  0.315203E+02 -0.641285E-02  0.195495E-02
  0.315603E+02 -0.638900E-02  0.195489E-02
  0.316003E+02 -0.632945E-02  0.194764E-02
  0.316403E+02 -0.623361E-02  0.195146E-02
  0.316803E+02 -0.610092E-02  0.195666E-02
  0.317203E+02 -0.593079E-02  0.196164E-02
  0.317603E+02 -0.572264E-02  0.196212E-02
  0.318003E+02 -0.547589E-02  0.196614E-02
  0.318403E+02 -0.519028E-02  0.197095E-02
  0.318804E+02 -0.486767E-02  0.197382E-02
  0.319204E+02 -0.451075E-02  0.197409E-02
  0.319604E+02 -0.412223E-02  0.197353E-02
  0.320004E+02 -0.370482E-02  0.197716E-02
  0.320404E+02 -0.326119E-02  0.197625E-02
  0.320804E+02 -0.279404E-02  0.198014E-02
  0.321204E+02 -0.230609E-02  0.198338E-02
  0.321604E+02 -0.180003E-02  0.198949E-02
  0.322004E+02 -0.127856E-02  0.199602E-02
  0.322404E+02 -0.744372E-03  0.200617E-02
  0.322804E+02 -0.200179E-03  0.200242E-02
  0.323204E+02  0.351327E-03  0.199326E-02
  0.323604E+02  0.907445E-03  0.200002E-02
  0.324004E+02  0.146548E-02  0.200597E-02
  0.324404E+02  0.202272E-02  0.201441E-02
  0.324804E+02  0.257648E-02  0.201925E-02
  0.325204E+02  0.312416E-02  0.201816E-02
  0.325604E+02  0.366328E-02  0.201852E-02
  0.326004E+02  0.419135E-02  0.202141E-02
  0.326404E+02  0.470591E-02  0.202483E-02
  0.326804E+02  0.520447E-02  0.203228E-02
  0.327204E+02  0.568456E-02  0.203979E-02
  0.327604E+02  0.614369E-02  0.205263E-02
  0.328004E+02  0.657940E-02  0.204971E-02
  0.328404E+02  0.698920E-02  0.204635E-02
  0.328804E+02  0.737062E-02  0.204332E-02
  0.329204E+02  0.772118E-02  0.204522E-02
  0.329604E+02  0.803840E-02  0.205968E-02
  0.330004E+02  0.831981E-02  0.205691E-02
  0.330404E+02  0.856292E-02  0.205196E-02
  0.330804E+02  0.876526E-02  0.205063E-02
  0.331204E+02  0.892436E-02  0.205344E-02
  0.331604E+02  0.903784E-02  0.206379E-02
  0.332004E+02  0.910555E-02  0.206995E-02
  0.332404E+02  0.912944E-02  0.207540E-02
  0.332804E+02  0.911155E-02  0.207041E-02
  0.333204E+02  0.905390E-02  0.207348E-02
  0.333604E+02  0.895854E-02  0.207340E-02
  0.334004E+02  0.882748E-02  0.208101E-02
  0.334404E+02  0.866276E-02  0.208616E-02
  0.334804E+02  0.846642E-02  0.209171E-02
  0.335204E+02  0.824048E-02  0.208761E-02
  0.335604E+02  0.798698E-02  0.208130E-02
  0.336004E+02  0.770795E-02  0.208845E-02
  0.336404E+02  0.740542E-02  0.208797E-02
  0.336804E+02  0.708143E-02  0.208494E-02
  0.337204E+02  0.673799E-02  0.208249E-02
  0.337604E+02  0.637716E-02  0.209065E-02
  0.338004E+02  0.600095E-02  0.209489E-02
  0.338404E+02  0.561141E-02  0.209796E-02
  0.338804E+02  0.521044E-02  0.209573E-02
  0.339204E+02  0.479957E-02  0.209543E-02
  0.339604E+02  0.438024E-02  0.210740E-02
  0.340004E+02  0.395388E-02  0.210048E-02
  0.340404E+02  0.352192E-02  0.209450E-02
  0.340804E+02  0.308581E-02  0.209140E-02
  0.341204E+02  0.264698E-02  0.208592E-02
  0.341604E+02  0.220686E-02  0.208872E-02
  0.342004E+02  0.176688E-02  0.209611E-02
  0.342404E+02  0.132849E-02  0.210863E-02
  0.342804E+02  0.893122E-03  0.211152E-02
  0.343204E+02  0.462204E-03  0.211363E-02
  0.343604E+02  0.371757E-04  0.210948E-02
  0.344004E+02 -0.380528E-03  0.210967E-02
  0.344404E+02 -0.789472E-03  0.210602E-02
  0.344804E+02 -0.118822E-02  0.210614E-02
  0.345204E+02 -0.157534E-02  0.210225E-02
  0.345604E+02 -0.194939E-02  0.210071E-02
  0.346004E+02 -0.230897E-02  0.210352E-02
  0.346404E+02 -0.265277E-02  0.211389E-02
  0.346804E+02 -0.297952E-02  0.211928E-02
  0.347204E+02 -0.328794E-02  0.212074E-02
  0.347604E+02 -0.357676E-02  0.211463E-02
  0.348004E+02 -0.384470E-02  0.211126E-02
  0.348404E+02 -0.409049E-02  0.211770E-02
  0.348804E+02 -0.431286E-02  0.211722E-02
  0.349204E+02 -0.451054E-02  0.212912E-02
  0.349604E+02 -0.468224E-02  0.212852E-02
  0.350004E+02 -0.482669E-02  0.210803E-02
  0.350404E+02 -0.494263E-02  0.211393E-02
  0.350804E+02 -0.502877E-02  0.212710E-02
  0.351204E+02 -0.508384E-02  0.213881E-02
  0.351604E+02 -0.510656E-02  0.214383E-02
  0.352004E+02 -0.509567E-02  0.213936E-02
  0.352404E+02 -0.504989E-02  0.214128E-02
  0.352804E+02 -0.496794E-02  0.215659E-02
  0.353204E+02 -0.484857E-02  0.215360E-02
  0.353604E+02 -0.469188E-02  0.214099E-02
  0.354004E+02 -0.450027E-02  0.214195E-02
  0.354404E+02 -0.427637E-02  0.214672E-02
  0.354804E+02 -0.402279E-02  0.216333E-02
  0.355204E+02 -0.374217E-02  0.216987E-02
  0.355604E+02 -0.343712E-02  0.216903E-02
  0.356004E+02 -0.311026E-02  0.217122E-02
  0.356404E+02 -0.276423E-02  0.217429E-02
  0.356804E+02 -0.240163E-02  0.217469E-02
  0.357204E+02 -0.202511E-02  0.217371E-02
  0.357604E+02 -0.163727E-02  0.217814E-02
  0.358004E+02 -0.124074E-02  0.218607E-02
  0.358404E+02 -0.838151E-03  0.217713E-02
  0.358804E+02 -0.432116E-03  0.217235E-02
  0.359204E+02 -0.252620E-04  0.219626E-02
  0.359604E+02  0.379789E-03  0.220019E-02
  0.360004E+02  0.780413E-03  0.220450E-02
  0.360404E+02  0.117399E-02  0.220366E-02
  0.360804E+02  0.155789E-02  0.220229E-02
  0.361204E+02  0.192977E-02  0.220679E-02
  0.361604E+02  0.228851E-02  0.221389E-02
  0.362004E+02  0.263331E-02  0.220927E-02
  0.362404E+02  0.296338E-02  0.220753E-02
  0.362804E+02  0.327793E-02  0.221747E-02
  0.363204E+02  0.357616E-02  0.221887E-02
  0.363605E+02  0.385729E-02  0.222434E-02
  0.364005E+02  0.412052E-02  0.222315E-02
  0.364405E+02  0.436505E-02  0.222143E-02
  0.364805E+02  0.459011E-02  0.222836E-02
  0.365205E+02  0.479488E-02  0.232343E-02
  0.365605E+02  0.497860E-02  0.232115E-02
  0.366005E+02  0.514045E-02  0.232081E-02
  0.366405E+02  0.527965E-02  0.233394E-02
  0.366805E+02  0.539541E-02  0.233852E-02
  0.367205E+02  0.548693E-02  0.234410E-02
  0.367605E+02  0.555342E-02  0.234315E-02
  0.368005E+02  0.559410E-02  0.234351E-02
  0.368405E+02  0.560816E-02  0.234385E-02
  0.368805E+02  0.559482E-02  0.234126E-02
  0.369205E+02  0.555357E-02  0.234899E-02
  0.369605E+02  0.548525E-02  0.235776E-02
  0.370005E+02  0.539111E-02  0.249231E-02
  0.370405E+02  0.527238E-02  0.248709E-02
  0.370805E+02  0.513030E-02  0.249107E-02
  0.371205E+02  0.496613E-02  0.249262E-02
  0.371605E+02  0.478109E-02  0.249491E-02
  0.372005E+02  0.457643E-02  0.249472E-02
  0.372405E+02  0.435339E-02  0.251033E-02
  0.372805E+02  0.411322E-02  0.250984E-02
  0.373205E+02  0.385714E-02  0.250563E-02
  0.373605E+02  0.358641E-02  0.250494E-02
  0.374005E+02  0.330227E-02  0.250498E-02
  0.374405E+02  0.300595E-02  0.250553E-02
  0.374805E+02  0.269870E-02  0.250780E-02
  0.375205E+02  0.238175E-02  0.251098E-02
  0.375605E+02  0.205636E-02  0.251556E-02
  0.376005E+02  0.172376E-02  0.251748E-02
  0.376405E+02  0.138518E-02  0.251878E-02
  0.376805E+02  0.104188E-02  0.251592E-02
  0.377205E+02  0.695098E-03  0.251403E-02
  0.377605E+02  0.346157E-03  0.251574E-02
  0.378005E+02 -0.340908E-05  0.251560E-02
  0.378405E+02 -0.352040E-03  0.252894E-02
  0.378805E+02 -0.698176E-03  0.253026E-02
  0.379205E+02 -0.104026E-02  0.252438E-02
  0.379605E+02 -0.137672E-02  0.252451E-02
  0.380005E+02 -0.170602E-02  0.253757E-02
  0.380405E+02 -0.202658E-02  0.253720E-02
  0.380805E+02 -0.233684E-02  0.253877E-02
  0.381205E+02 -0.263526E-02  0.253670E-02
  0.381605E+02 -0.292026E-02  0.253227E-02
  0.382005E+02 -0.319029E-02  0.254123E-02
  0.382405E+02 -0.344379E-02  0.256034E-02
  0.382805E+02 -0.367919E-02  0.255977E-02
  0.383205E+02 -0.389494E-02  0.255935E-02
  0.383605E+02 -0.408949E-02  0.255974E-02
  0.384005E+02 -0.426126E-02  0.256017E-02
  0.384405E+02 -0.440870E-02  0.256343E-02
  0.384805E+02 -0.453025E-02  0.256599E-02
  0.385205E+02 -0.462435E-02  0.255590E-02
  0.385605E+02 -0.468945E-02  0.254958E-02
  0.386005E+02 -0.472412E-02  0.255427E-02
  0.386405E+02 -0.472873E-02  0.255628E-02
  0.386805E+02 -0.470480E-02  0.256914E-02
  0.387205E+02 -0.465384E-02  0.257344E-02
  0.387605E+02 -0.457740E-02  0.256866E-02
  0.388005E+02 -0.447700E-02  0.256677E-02
  0.388405E+02 -0.435416E-02  0.256588E-02
  0.388805E+02 -0.421043E-02  0.256505E-02
  0.389205E+02 -0.404732E-02  0.257074E-02
  0.389605E+02 -0.386638E-02  0.257055E-02
  0.390005E+02 -0.366913E-02  0.257841E-02
  0.390405E+02 -0.345709E-02  0.257809E-02
  0.390805E+02 -0.323181E-02  0.258332E-02
  0.391205E+02 -0.299480E-02  0.258316E-02
  0.391605E+02 -0.274761E-02  0.260178E-02
  0.392005E+02 -0.249175E-02  0.260129E-02
  0.392405E+02 -0.222877E-02  0.261038E-02
  0.392805E+02 -0.196018E-02  0.261048E-02
  0.393205E+02 -0.168752E-02  0.262210E-02
  0.393605E+02 -0.141232E-02  0.262188E-02
  0.394005E+02 -0.113611E-02  0.262670E-02
  0.394405E+02 -0.860418E-03  0.262704E-02
  0.394805E+02 -0.586770E-03  0.263482E-02
  0.395205E+02 -0.316367E-03  0.263301E-02
  0.395605E+02 -0.498794E-04  0.262603E-02
  0.396005E+02  0.212070E-03  0.262680E-02
  0.396405E+02  0.468859E-03  0.263584E-02
  0.396805E+02  0.719865E-03  0.263811E-02
  0.397205E+02  0.964465E-03  0.265204E-02
  0.397605E+02  0.120204E-02  0.265260E-02
  0.398005E+02  0.143196E-02  0.265899E-02
  0.398405E+02  0.165361E-02  0.265861E-02
  0.398805E+02  0.186636E-02  0.266072E-02
  0.399205E+02  0.206960E-02  0.266126E-02
  0.399605E+02  0.226269E-02  0.266808E-02
  0.400005E+02  0.244502E-02  0.266833E-02
  0.400405E+02  0.261597E-02  0.267346E-02
  0.400805E+02  0.277491E-02  0.267367E-02
  0.401205E+02  0.292122E-02  0.267887E-02
  0.401605E+02  0.305428E-02  0.267755E-02
  0.402005E+02  0.317346E-02  0.267375E-02
  0.402405E+02  0.327814E-02  0.267458E-02
  0.402805E+02  0.336771E-02  0.268665E-02
  0.403205E+02  0.344153E-02  0.268664E-02
  0.403605E+02  0.349898E-02  0.269490E-02
  0.404005E+02  0.353945E-02  0.269439E-02
  0.404405E+02  0.356257E-02  0.270062E-02
  0.404805E+02  0.356873E-02  0.269976E-02
  0.405205E+02  0.355848E-02  0.270328E-02
  0.405605E+02  0.353238E-02  0.270244E-02
  0.406005E+02  0.349096E-02  0.269819E-02
  0.406405E+02  0.343478E-02  0.269729E-02
  0.406805E+02  0.336439E-02  0.270388E-02
  0.407206E+02  0.328032E-02  0.270338E-02
  0.407606E+02  0.318313E-02  0.271893E-02
  0.408006E+02  0.307337E-02  0.272021E-02
  0.408406E+02  0.295158E-02  0.272409E-02
  0.408806E+02  0.281831E-02  0.272413E-02
  0.409206E+02  0.267410E-02  0.271730E-02
  0.409606E+02  0.251951E-02  0.271495E-02
  0.410006E+02  0.235508E-02  0.273275E-02
  0.410406E+02  0.218136E-02  0.273867E-02
  0.410806E+02  0.199889E-02  0.273431E-02
  0.411206E+02  0.180823E-02  0.273178E-02
  0.411606E+02  0.160992E-02  0.272308E-02
  0.412006E+02  0.140450E-02  0.271693E-02
  0.412406E+02  0.119253E-02  0.272574E-02
  0.412806E+02  0.974552E-03  0.273273E-02
  0.413206E+02  0.751113E-03  0.273374E-02
  0.413606E+02  0.522760E-03  0.273506E-02
  0.414006E+02  0.290122E-03  0.273376E-02
  0.414406E+02  0.542007E-04  0.273229E-02
  0.414806E+02 -0.183888E-03  0.273847E-02
  0.415206E+02 -0.423029E-03  0.275448E-02
  0.415606E+02 -0.662108E-03  0.275608E-02
  0.416006E+02 -0.900010E-03  0.276399E-02
  0.416406E+02 -0.113562E-02  0.276303E-02
  0.416806E+02 -0.136782E-02  0.276134E-02
  0.417206E+02 -0.159551E-02  0.276017E-02
  0.417606E+02 -0.181755E-02  0.275018E-02
  0.418006E+02 -0.203285E-02  0.274940E-02
  0.418406E+02 -0.224028E-02  0.275919E-02
  0.418806E+02 -0.243872E-02  0.275913E-02
  0.419206E+02 -0.262708E-02  0.275195E-02
  0.419606E+02 -0.280422E-02  0.274986E-02
  0.420006E+02 -0.296904E-02  0.276730E-02
  0.420406E+02 -0.312041E-02  0.277405E-02
  0.420806E+02 -0.325723E-02  0.277351E-02
  0.421206E+02 -0.337839E-02  0.277289E-02
  0.421606E+02 -0.348275E-02  0.277718E-02
  0.422006E+02 -0.356922E-02  0.278179E-02
  0.422406E+02 -0.363667E-02  0.278955E-02
  0.422806E+02 -0.368400E-02  0.280258E-02
  0.423206E+02 -0.371008E-02  0.280010E-02
  0.423606E+02 -0.371380E-02  0.279359E-02
  0.424006E+02 -0.369427E-02  0.279218E-02
  0.424406E+02 -0.365219E-02  0.278627E-02
  0.424806E+02 -0.358895E-02  0.278551E-02
  0.425206E+02 -0.350595E-02  0.279591E-02
  0.425606E+02 -0.340457E-02  0.279540E-02
  0.426006E+02 -0.328623E-02  0.280808E-02
  0.426406E+02 -0.315231E-02  0.280985E-02
  0.426806E+02 -0.300420E-02  0.280740E-02
  0.427206E+02 -0.284332E-02  0.280591E-02
  0.427606E+02 -0.267104E-02  0.280706E-02
  0.428006E+02 -0.248877E-02  0.280795E-02
  0.428406E+02 -0.229790E-02  0.280976E-02
  0.428806E+02 -0.209983E-02  0.281271E-02
  0.429206E+02 -0.189595E-02  0.281697E-02
  0.429606E+02 -0.168766E-02  0.283134E-02
  0.430006E+02 -0.147635E-02  0.283108E-02
  0.430406E+02 -0.126343E-02  0.283439E-02
  0.430806E+02 -0.105028E-02  0.283363E-02
  0.431206E+02 -0.838302E-03  0.283888E-02
  0.431606E+02 -0.628892E-03  0.283864E-02
  0.432006E+02 -0.423444E-03  0.283870E-02
  0.432406E+02 -0.223356E-03  0.283821E-02
  0.432806E+02 -0.300218E-04  0.286426E-02
  0.433206E+02  0.155163E-03  0.288113E-02
  0.433606E+02  0.330801E-03  0.287080E-02
  0.434006E+02  0.495498E-03  0.285750E-02
  0.434406E+02  0.647925E-03  0.285939E-02
  0.434806E+02  0.787670E-03  0.286674E-02
  0.435206E+02  0.914984E-03  0.286640E-02
  0.435606E+02  0.103014E-02  0.287234E-02
  0.436006E+02  0.113340E-02  0.287158E-02
  0.436406E+02  0.122503E-02  0.288377E-02
  0.436806E+02  0.130531E-02  0.288513E-02
  0.437206E+02  0.137449E-02  0.289118E-02
  0.437606E+02  0.143286E-02  0.289406E-02
  0.438006E+02  0.148067E-02  0.289033E-02
  0.438406E+02  0.151819E-02  0.288577E-02
  0.438806E+02  0.154570E-02  0.288650E-02
  0.439206E+02  0.156345E-02  0.289027E-02
  0.439606E+02  0.157173E-02  0.289124E-02
  0.440006E+02  0.157079E-02  0.291602E-02
  0.440406E+02  0.156090E-02  0.291526E-02
  0.440806E+02  0.154234E-02  0.291284E-02
  0.441206E+02  0.151537E-02  0.291175E-02
  0.441606E+02  0.148025E-02  0.291322E-02
  0.442006E+02  0.143726E-02  0.291390E-02
  0.442406E+02  0.138666E-02  0.291414E-02
  0.442806E+02  0.132873E-02  0.291501E-02
  0.443206E+02  0.126372E-02  0.291810E-02
  0.443606E+02  0.119191E-02  0.293577E-02
  0.444006E+02  0.111357E-02  0.293502E-02
  0.444406E+02  0.102896E-02  0.292506E-02
  0.444806E+02  0.938351E-03  0.292371E-02
  0.445206E+02  0.842013E-03  0.291961E-02
  0.445606E+02  0.740299E-03  0.291745E-02
  0.446006E+02  0.633698E-03  0.291773E-02
  0.446406E+02  0.522715E-03  0.291832E-02
  0.446806E+02  0.407851E-03  0.292159E-02
  0.447206E+02  0.289610E-03  0.293446E-02
  0.447606E+02  0.168495E-03  0.293375E-02
  0.448006E+02  0.450092E-04  0.292279E-02
  0.448406E+02 -0.803439E-04  0.292162E-02
  0.448806E+02 -0.207062E-03  0.293295E-02
  0.449206E+02 -0.334640E-03  0.293686E-02
  0.449606E+02 -0.462578E-03  0.294140E-02
  0.450006E+02 -0.590370E-03  0.294652E-02
  0.450406E+02 -0.717514E-03  0.294499E-02
  0.450807E+02 -0.843507E-03  0.294087E-02
  0.451207E+02 -0.967846E-03  0.294019E-02
  0.451607E+02 -0.109003E-02  0.296800E-02
  0.452007E+02 -0.120955E-02  0.296971E-02
  0.452407E+02 -0.132591E-02  0.295746E-02
  0.452807E+02 -0.143860E-02  0.295079E-02
  0.453207E+02 -0.154712E-02  0.295968E-02
  0.453607E+02 -0.165096E-02  0.297524E-02
  0.454007E+02 -0.174964E-02  0.297533E-02
  0.454407E+02 -0.184263E-02  0.298287E-02
  0.454807E+02 -0.192944E-02  0.298219E-02
  0.455207E+02 -0.200956E-02  0.297860E-02
  0.455607E+02 -0.208250E-02  0.297740E-02
  0.456007E+02 -0.214774E-02  0.298108E-02
  0.456407E+02 -0.220479E-02  0.298425E-02
  0.456807E+02 -0.225320E-02  0.298279E-02
  0.457207E+02 -0.229292E-02  0.297927E-02
  0.457607E+02 -0.232412E-02  0.297861E-02
  0.458007E+02 -0.234694E-02  0.300166E-02
  0.458407E+02 -0.236152E-02  0.300253E-02
  0.458807E+02 -0.236802E-02  0.299462E-02
  0.459207E+02 -0.236659E-02  0.299017E-02
  0.459607E+02 -0.235738E-02  0.299671E-02
  0.460007E+02 -0.234053E-02  0.301193E-02
  0.460407E+02 -0.231619E-02  0.301130E-02
  0.460807E+02 -0.228452E-02  0.301326E-02
  0.461207E+02 -0.224566E-02  0.301261E-02
  0.461607E+02 -0.219976E-02  0.302126E-02
  0.462007E+02 -0.214697E-02  0.302471E-02
  0.462407E+02 -0.208745E-02  0.302557E-02
  0.462807E+02 -0.202133E-02  0.302754E-02
  0.463207E+02 -0.194877E-02  0.302651E-02
  0.463607E+02 -0.186992E-02  0.301675E-02
  0.464007E+02 -0.178493E-02  0.301611E-02
  0.464407E+02 -0.169394E-02  0.302086E-02
  0.464807E+02 -0.159711E-02  0.302262E-02
  0.465207E+02 -0.149459E-02  0.303169E-02
  0.465607E+02 -0.138652E-02  0.304600E-02
  0.466007E+02 -0.127305E-02  0.304600E-02
  0.466407E+02 -0.115434E-02  0.306186E-02
  0.466807E+02 -0.103052E-02  0.306123E-02
  0.467207E+02 -0.901760E-03  0.306665E-02
  0.467607E+02 -0.768199E-03  0.306905E-02
  0.468007E+02 -0.629987E-03  0.307203E-02
  0.468407E+02 -0.487274E-03  0.307850E-02
  0.468807E+02 -0.340309E-03  0.307786E-02
  0.469207E+02 -0.189740E-03  0.306854E-02
  0.469607E+02 -0.363124E-04  0.306793E-02
  0.470007E+02  0.119227E-03  0.307995E-02
  0.470407E+02  0.276132E-03  0.308776E-02
  0.470807E+02  0.433656E-03  0.308630E-02
  0.471207E+02  0.591055E-03  0.308325E-02
  0.471607E+02  0.747581E-03  0.308264E-02
  0.472007E+02  0.902488E-03  0.308338E-02
  0.472407E+02  0.105503E-02  0.308297E-02
  0.472807E+02  0.120446E-02  0.308572E-02
  0.473207E+02  0.135004E-02  0.308844E-02
  0.473607E+02  0.149101E-02  0.308947E-02
  0.474007E+02  0.162663E-02  0.310100E-02
  0.474407E+02  0.175616E-02  0.310041E-02
  0.474807E+02  0.187884E-02  0.309989E-02
  0.475207E+02  0.199394E-02  0.309936E-02
  0.475607E+02  0.210071E-02  0.311106E-02
  0.476007E+02  0.219839E-02  0.313128E-02
  0.476407E+02  0.228625E-02  0.313069E-02
  0.476807E+02  0.236354E-02  0.312980E-02
  0.477207E+02  0.242951E-02  0.312920E-02
  0.477607E+02  0.248341E-02  0.312688E-02
  0.478007E+02  0.252451E-02  0.312509E-02
  0.478407E+02  0.255204E-02  0.312502E-02
  0.478807E+02  0.256528E-02  0.312737E-02
  0.479207E+02  0.256346E-02  0.312681E-02
  0.479607E+02  0.254586E-02  0.314424E-02
  0.480007E+02  0.251171E-02  0.314936E-02
  0.480407E+02  0.246027E-02  0.314938E-02
  0.480807E+02  0.239080E-02  0.314993E-02
  0.481207E+02  0.230276E-02  0.314937E-02
  0.481607E+02  0.219697E-02  0.317227E-02
  0.482007E+02  0.207483E-02  0.317441E-02
  0.482407E+02  0.193776E-02  0.317716E-02
  0.482807E+02  0.178714E-02  0.318024E-02
  0.483207E+02  0.162439E-02  0.317932E-02
  0.483607E+02  0.145091E-02  0.317134E-02
  0.484007E+02  0.126809E-02  0.317079E-02
  0.484407E+02  0.107734E-02  0.316316E-02
  0.484807E+02  0.880062E-03  0.315824E-02
  0.485207E+02  0.677661E-03  0.315928E-02
  0.485607E+02  0.471536E-03  0.316476E-02
  0.486007E+02  0.263091E-03  0.316424E-02
  0.486407E+02  0.537271E-04  0.317123E-02
  0.486807E+02 -0.155153E-03  0.317319E-02
  0.487207E+02 -0.362146E-03  0.317164E-02
  0.487607E+02 -0.565851E-03  0.316854E-02
  0.488007E+02 -0.764865E-03  0.316803E-02
  0.488407E+02 -0.957785E-03  0.318315E-02
  0.488807E+02 -0.114321E-02  0.318514E-02
  0.489207E+02 -0.131974E-02  0.318845E-02
  0.489607E+02 -0.148596E-02  0.319444E-02
  0.490007E+02 -0.164049E-02  0.319394E-02
  0.490407E+02 -0.178191E-02  0.318008E-02
  0.490807E+02 -0.190882E-02  0.317861E-02
  0.491207E+02 -0.201982E-02  0.318635E-02
  0.491607E+02 -0.211351E-02  0.319487E-02
  0.492007E+02 -0.218849E-02  0.319442E-02
  0.492407E+02 -0.224335E-02  0.319563E-02
  0.492807E+02 -0.227669E-02  0.319515E-02
  0.493207E+02 -0.228710E-02  0.320196E-02
  0.493607E+02 -0.227320E-02  0.320918E-02
  0.494007E+02 -0.223357E-02  0.320873E-02
  0.494408E+02 -0.216681E-02  0.321420E-02
  0.494808E+02 -0.207152E-02  0.321373E-02
  0.495208E+02 -0.194630E-02  0.320052E-02
  0.495608E+02 -0.178974E-02  0.319028E-02
  0.496008E+02 -0.160045E-02  0.319382E-02
  0.496408E+02 -0.137701E-02  0.325174E-02
  0.496808E+02 -0.111803E-02  0.325128E-02
  0.497208E+02 -0.822111E-03  0.324186E-02
  0.497608E+02 -0.487841E-03  0.323415E-02
  0.498008E+02 -0.113823E-03  0.323415E-02
  0.498408E+02  0.301347E-03  0.324987E-02
  0.498808E+02  0.759071E-03  0.324942E-02
  0.499208E+02  0.126075E-02  0.325221E-02
  0.499608E+02  0.180779E-02  0.460838E+04
